100
1 12
3 0001
4 00701
2 931
6 2003406
6 6517805
6 0020001
2 484
5 110011
5 000001
6 1111111
1 09
6 0221011
6 1122211
3 0091
0 1
6 5000061
6 0000001
2 082
6 0005001
6 2070001
6 0000201
6 9999999
5 220111
6 0102201
6 6530736
3 4145
2 507
6 9000301
6 9603001
0 9
5 012221
6 9700001
6 0000001
4 11111
2 802
6 9800601
6 0090038
6 3308267
0 1
6 1262145
6 9420911
4 00001
5 386054
1 11
5 308001
6 2015001
6 2005003
6 5480125
5 800201
0 3
2 801
6 4089229
6 0600001
1 33
3 2121
6 0000003
4 30701
6 0120211
6 1112011
6 0012001
6 9795602
3 1579
6 0000701
6 3606378
6 7000001
4 40001
6 0487001
0 1
6 3000001
6 0000001
3 0071
0 1
6 0112101
6 4905011
3 0001
6 4042815
6 0003006
6 0070001
6 0000001
6 6000007
6 1270003
6 2112201
6 0000001
6 8000001
0 1
3 1908
6 1881707
6 9000002
2 302
6 9210001
1 12
6 0000001
2 121
6 1120221
6 0543335
4 22211
1 41
6 2210201
6 0000221
